256.000000 230.573578 163.236740 77.105377 0.000000 46.562271 55.118305 33.582813 0.000000 26.461405 33.941681 22.006704 0.000000 18.992315 25.220947 16.846937 0.000000 15.269167 20.698299 14.085662 0.000000 13.190312 18.142210 12.515313 0.000000 12.016122 16.719955 11.663241 0.000000 11.437501 16.077417 11.327352 0.000000 11.327351 16.077417 11.437502 0.000000 11.663241 16.719955 12.016124 0.000000 12.515311 18.142206 13.190310 0.000000 14.085660 20.698301 15.269171 0.000000 16.846935 25.220945 18.992313 0.000000 22.006706 33.941689 26.461409 0.000000 33.582813 55.118305 46.562271 0.000000 77.105370 163.236740 230.573547 
230.573578 207.672546 147.023727 69.447113 0.000000 41.937611 49.643848 30.247299 0.000000 23.833204 30.570522 19.820955 0.000000 17.105959 22.715954 15.173665 0.000000 13.752604 18.642502 12.686645 0.000000 11.880223 16.340288 11.272266 0.000000 10.822656 15.059297 10.504824 0.000000 10.301504 14.480576 10.202295 0.000000 10.202295 14.480577 10.301505 0.000000 10.504825 15.059296 10.822657 0.000000 11.272265 16.340286 11.880221 0.000000 12.686645 18.642504 13.752605 0.000000 15.173666 22.715950 17.105957 0.000000 19.820955 30.570532 23.833206 0.000000 30.247297 49.643841 41.937611 0.000000 69.447105 147.023743 207.672516 
163.236740 147.023758 104.086861 49.165749 0.000000 29.690132 35.145836 21.413864 0.000000 16.872944 21.642693 14.032434 0.000000 12.110327 16.081974 10.742342 0.000000 9.736286 13.198138 8.981631 0.000000 8.410717 11.568263 7.980309 0.000000 7.662004 10.661371 7.436990 0.000000 7.293048 10.251661 7.222813 0.000000 7.222812 10.251661 7.293049 0.000000 7.436991 10.661371 7.662004 0.000000 7.980308 11.568262 8.410717 0.000000 8.981630 13.198138 9.736288 0.000000 10.742340 16.081974 12.110327 0.000000 14.032434 21.642700 16.872948 0.000000 21.413864 35.145840 29.690130 0.000000 49.165741 104.086861 147.023743 
77.105377 69.447121 49.165745 23.223591 0.000000 14.024222 16.601240 10.114903 0.000000 7.969986 10.222992 6.628263 0.000000 5.720350 7.596369 5.074177 0.000000 4.598964 6.234180 4.242501 0.000000 3.972828 5.464304 3.769523 0.000000 3.619171 5.035932 3.512885 0.000000 3.444894 4.842403 3.411717 0.000000 3.411717 4.842403 3.444894 0.000000 3.512885 5.035932 3.619170 0.000000 3.769522 5.464303 3.972827 0.000000 4.242500 6.234180 4.598965 0.000000 5.074177 7.596370 5.720349 0.000000 6.628263 10.222995 7.969987 0.000000 10.114902 16.601242 14.024224 0.000000 23.223587 49.165741 69.447105 
0.000000 0.000000 0.000000 0.000000 0.000000 0.000000 0.000000 0.000000 0.000000 0.000000 0.000000 0.000000 0.000000 0.000000 0.000000 0.000000 0.000000 0.000000 0.000000 0.000000 0.000000 0.000000 0.000000 0.000000 0.000000 0.000000 0.000000 0.000000 0.000000 0.000000 0.000000 0.000000 0.000000 0.000000 0.000000 0.000000 0.000000 0.000000 0.000000 0.000000 0.000000 0.000000 0.000000 0.000000 0.000000 0.000000 0.000000 0.000000 0.000000 0.000000 0.000000 0.000000 0.000000 0.000000 0.000000 0.000000 0.000000 0.000000 0.000000 0.000000 0.000000 0.000000 0.000000 0.000000 
46.562271 41.937614 29.690126 14.024223 0.000000 8.468925 10.025130 6.108171 0.000000 4.812902 6.173444 4.002665 0.000000 3.454396 4.587284 3.064186 0.000000 2.777215 3.764687 2.561955 0.000000 2.399105 3.299775 2.276334 0.000000 2.185539 3.041090 2.121355 0.000000 2.080297 2.924222 2.060262 0.000000 2.060262 2.924223 2.080297 0.000000 2.121355 3.041090 2.185539 0.000000 2.276333 3.299774 2.399105 0.000000 2.561954 3.764687 2.777215 0.000000 3.064186 4.587283 3.454395 0.000000 4.002665 6.173445 4.812903 0.000000 6.108171 10.025130 8.468924 0.000000 14.024222 29.690132 41.937611 
55.118305 49.643848 35.145828 16.601242 0.000000 10.025130 11.867296 7.230577 0.000000 5.697296 7.307843 4.738173 0.000000 4.089157 5.430219 3.627245 0.000000 3.287541 4.456466 3.032726 0.000000 2.839952 3.906125 2.694620 0.000000 2.587142 3.599905 2.511164 0.000000 2.462561 3.461562 2.438845 0.000000 2.438845 3.461563 2.462561 0.000000 2.511164 3.599905 2.587142 0.000000 2.694620 3.906124 2.839951 0.000000 3.032726 4.456466 3.287542 0.000000 3.627244 5.430218 4.089157 0.000000 4.738173 7.307845 5.697297 0.000000 7.230577 11.867296 10.025129 0.000000 16.601240 35.145828 49.643845 
33.582813 30.247303 21.413864 10.114903 0.000000 6.108171 7.230577 4.405489 0.000000 3.471283 4.452567 2.886903 0.000000 2.491466 3.308556 2.210029 0.000000 2.003053 2.715262 1.847797 0.000000 1.730343 2.379947 1.641795 0.000000 1.576309 2.193372 1.530017 0.000000 1.500404 2.109082 1.485954 0.000000 1.485954 2.109082 1.500404 0.000000 1.530017 2.193372 1.576310 0.000000 1.641794 2.379946 1.730343 0.000000 1.847797 2.715262 2.003053 0.000000 2.210029 3.308556 2.491466 0.000000 2.886903 4.452568 3.471283 0.000000 4.405489 7.230578 6.108171 0.000000 10.114902 21.413864 30.247297 
0.000000 0.000000 0.000000 0.000000 0.000000 0.000000 0.000000 0.000000 0.000000 0.000000 0.000000 0.000000 0.000000 0.000000 0.000000 0.000000 0.000000 0.000000 0.000000 0.000000 0.000000 0.000000 0.000000 0.000000 0.000000 0.000000 0.000000 0.000000 0.000000 0.000000 0.000000 0.000000 0.000000 0.000000 0.000000 0.000000 0.000000 0.000000 0.000000 0.000000 0.000000 0.000000 0.000000 0.000000 0.000000 0.000000 0.000000 0.000000 0.000000 0.000000 0.000000 0.000000 0.000000 0.000000 0.000000 0.000000 0.000000 0.000000 0.000000 0.000000 0.000000 0.000000 0.000000 0.000000 
26.461405 23.833204 16.872942 7.969987 0.000000 4.812902 5.697295 3.471282 0.000000 2.735179 3.508378 2.274720 0.000000 1.963138 2.606960 1.741381 0.000000 1.578295 2.139477 1.455962 0.000000 1.363415 1.875267 1.293644 0.000000 1.242045 1.728256 1.205569 0.000000 1.182235 1.661840 1.170850 0.000000 1.170850 1.661840 1.182236 0.000000 1.205569 1.728256 1.242045 0.000000 1.293643 1.875267 1.363414 0.000000 1.455962 2.139477 1.578296 0.000000 1.741381 2.606960 1.963138 0.000000 2.274720 3.508378 2.735180 0.000000 3.471283 5.697296 4.812902 0.000000 7.969987 16.872942 23.833200 
33.941681 30.570530 21.642698 10.222993 0.000000 6.173444 7.307845 4.452567 0.000000 3.508377 4.500147 2.917752 0.000000 2.518090 3.343912 2.233646 0.000000 2.024458 2.744278 1.867543 0.000000 1.748834 2.405380 1.659339 0.000000 1.593154 2.216810 1.546367 0.000000 1.516438 2.131619 1.501833 0.000000 1.501833 2.131619 1.516438 0.000000 1.546367 2.216810 1.593154 0.000000 1.659339 2.405379 1.748833 0.000000 1.867543 2.744278 2.024458 0.000000 2.233646 3.343912 2.518090 0.000000 2.917752 4.500149 3.508378 0.000000 4.452568 7.307844 6.173444 0.000000 10.222992 21.642696 30.570524 
22.006704 19.820959 14.032436 6.628263 0.000000 4.002665 4.738174 2.886903 0.000000 2.274720 2.917752 1.891778 0.000000 1.632650 2.168086 1.448225 0.000000 1.312594 1.779302 1.210855 0.000000 1.133888 1.559572 1.075863 0.000000 1.032951 1.437309 1.002615 0.000000 0.983210 1.382074 0.973741 0.000000 0.973741 1.382074 0.983210 0.000000 1.002615 1.437309 1.032950 0.000000 1.075862 1.559571 1.133888 0.000000 1.210856 1.779303 1.312594 0.000000 1.448225 2.168086 1.632650 0.000000 1.891778 2.917753 2.274720 0.000000 2.886903 4.738174 4.002665 0.000000 6.628263 14.032434 19.820959 
0.000000 0.000000 0.000000 0.000000 0.000000 0.000000 0.000000 0.000000 0.000000 0.000000 0.000000 0.000000 0.000000 0.000000 0.000000 0.000000 0.000000 0.000000 0.000000 0.000000 0.000000 0.000000 0.000000 0.000000 0.000000 0.000000 0.000000 0.000000 0.000000 0.000000 0.000000 0.000000 0.000000 0.000000 0.000000 0.000000 0.000000 0.000000 0.000000 0.000000 0.000000 0.000000 0.000000 0.000000 0.000000 0.000000 0.000000 0.000000 0.000000 0.000000 0.000000 0.000000 0.000000 0.000000 0.000000 0.000000 0.000000 0.000000 0.000000 0.000000 0.000000 0.000000 0.000000 0.000000 
18.992315 17.105963 12.110325 5.720350 0.000000 3.454396 4.089158 2.491466 0.000000 1.963138 2.518090 1.632649 0.000000 1.409016 1.871110 1.249853 0.000000 1.132800 1.535581 1.044997 0.000000 0.978572 1.345948 0.928495 0.000000 0.891461 1.240432 0.865281 0.000000 0.848534 1.192763 0.840362 0.000000 0.840362 1.192763 0.848534 0.000000 0.865281 1.240432 0.891461 0.000000 0.928495 1.345947 0.978572 0.000000 1.044997 1.535581 1.132801 0.000000 1.249853 1.871110 1.409016 0.000000 1.632649 2.518091 1.963139 0.000000 2.491466 4.089158 3.454395 0.000000 5.720350 12.110328 17.105961 
25.220947 22.715952 16.081974 7.596370 0.000000 4.587284 5.430219 3.308557 0.000000 2.606960 3.343911 2.168086 0.000000 1.871110 2.484751 1.659749 0.000000 1.504308 2.039183 1.387711 0.000000 1.299501 1.787358 1.233000 0.000000 1.183820 1.647239 1.149055 0.000000 1.126815 1.583936 1.115963 0.000000 1.115963 1.583936 1.126815 0.000000 1.149055 1.647239 1.183820 0.000000 1.233000 1.787358 1.299501 0.000000 1.387710 2.039182 1.504308 0.000000 1.659748 2.484752 1.871110 0.000000 2.168086 3.343913 2.606960 0.000000 3.308557 5.430220 4.587284 0.000000 7.596371 16.081974 22.715961 
16.846937 15.173656 10.742338 5.074178 0.000000 3.064186 3.627241 2.210028 0.000000 1.741381 2.233644 1.448225 0.000000 1.249852 1.659749 1.108669 0.000000 1.004838 1.362121 0.926954 0.000000 0.868033 1.193908 0.823612 0.000000 0.790761 1.100312 0.767539 0.000000 0.752683 1.058027 0.745434 0.000000 0.745434 1.058028 0.752683 0.000000 0.767538 1.100312 0.790761 0.000000 0.823612 1.193908 0.868032 0.000000 0.926954 1.362121 1.004839 0.000000 1.108669 1.659748 1.249852 0.000000 1.448225 2.233645 1.741381 0.000000 2.210028 3.627244 3.064184 0.000000 5.074175 10.742337 15.173660 
0.000000 0.000000 0.000000 0.000000 0.000000 0.000000 0.000000 0.000000 0.000000 0.000000 0.000000 0.000000 0.000000 0.000000 0.000000 0.000000 0.000000 0.000000 0.000000 0.000000 0.000000 0.000000 0.000000 0.000000 0.000000 0.000000 0.000000 0.000000 0.000000 0.000000 0.000000 0.000000 0.000000 0.000000 0.000000 0.000000 0.000000 0.000000 0.000000 0.000000 0.000000 0.000000 0.000000 0.000000 0.000000 0.000000 0.000000 0.000000 0.000000 0.000000 0.000000 0.000000 0.000000 0.000000 0.000000 0.000000 0.000000 0.000000 0.000000 0.000000 0.000000 0.000000 0.000000 0.000000 
15.269167 13.752603 9.736287 4.598964 0.000000 2.777216 3.287544 2.003053 0.000000 1.578296 2.024458 1.312594 0.000000 1.132801 1.504308 1.004839 0.000000 0.910733 1.234554 0.840142 0.000000 0.786739 1.082096 0.746478 0.000000 0.716704 0.997265 0.695656 0.000000 0.682192 0.958941 0.675622 0.000000 0.675622 0.958941 0.682192 0.000000 0.695656 0.997265 0.716704 0.000000 0.746478 1.082095 0.786739 0.000000 0.840142 1.234554 0.910732 0.000000 1.004839 1.504308 1.132800 0.000000 1.312595 2.024459 1.578296 0.000000 2.003053 3.287543 2.777215 0.000000 4.598965 9.736287 13.752604 
20.698299 18.642502 13.198135 6.234180 0.000000 3.764687 4.456464 2.715262 0.000000 2.139477 2.744277 1.779302 0.000000 1.535580 2.039182 1.362121 0.000000 1.234554 1.673514 1.138864 0.000000 1.066473 1.466847 1.011897 0.000000 0.971536 1.351854 0.943005 0.000000 0.924753 1.299903 0.915847 0.000000 0.915847 1.299903 0.924753 0.000000 0.943005 1.351854 0.971536 0.000000 1.011897 1.466847 1.066473 0.000000 1.138864 1.673514 1.234554 0.000000 1.362121 2.039182 1.535580 0.000000 1.779302 2.744278 2.139477 0.000000 2.715261 4.456466 3.764686 0.000000 6.234180 13.198136 18.642500 
14.085662 12.686645 8.981631 4.242502 0.000000 2.561954 3.032726 1.847797 0.000000 1.455962 1.867543 1.210855 0.000000 1.044997 1.387710 0.926954 0.000000 0.840142 1.138864 0.775023 0.000000 0.725759 0.998223 0.688619 0.000000 0.661152 0.919967 0.641736 0.000000 0.629315 0.884614 0.623255 0.000000 0.623255 0.884613 0.629316 0.000000 0.641736 0.919967 0.661152 0.000000 0.688619 0.998223 0.725759 0.000000 0.775023 1.138864 0.840142 0.000000 0.926954 1.387710 1.044997 0.000000 1.210856 1.867543 1.455962 0.000000 1.847797 3.032726 2.561955 0.000000 4.242500 8.981630 12.686643 
0.000000 0.000000 0.000000 0.000000 0.000000 0.000000 0.000000 0.000000 0.000000 0.000000 0.000000 0.000000 0.000000 0.000000 0.000000 0.000000 0.000000 0.000000 0.000000 0.000000 0.000000 0.000000 0.000000 0.000000 0.000000 0.000000 0.000000 0.000000 0.000000 0.000000 0.000000 0.000000 0.000000 0.000000 0.000000 0.000000 0.000000 0.000000 0.000000 0.000000 0.000000 0.000000 0.000000 0.000000 0.000000 0.000000 0.000000 0.000000 0.000000 0.000000 0.000000 0.000000 0.000000 0.000000 0.000000 0.000000 0.000000 0.000000 0.000000 0.000000 0.000000 0.000000 0.000000 0.000000 
13.190312 11.880226 8.410718 3.972828 0.000000 2.399105 2.839952 1.730343 0.000000 1.363415 1.748833 1.133888 0.000000 0.978572 1.299501 0.868033 0.000000 0.786739 1.066473 0.725759 0.000000 0.679626 0.934771 0.644847 0.000000 0.619127 0.861490 0.600944 0.000000 0.589313 0.828383 0.583638 0.000000 0.583638 0.828383 0.589313 0.000000 0.600945 0.861490 0.619127 0.000000 0.644847 0.934771 0.679626 0.000000 0.725759 1.066473 0.786739 0.000000 0.868033 1.299500 0.978572 0.000000 1.133888 1.748834 1.363415 0.000000 1.730343 2.839952 2.399105 0.000000 3.972828 8.410719 11.880224 
18.142210 16.340290 11.568261 5.464304 0.000000 3.299775 3.906124 2.379947 0.000000 1.875267 2.405379 1.559571 0.000000 1.345947 1.787358 1.193909 0.000000 1.082095 1.466847 0.998223 0.000000 0.934771 1.285702 0.886935 0.000000 0.851559 1.184910 0.826551 0.000000 0.810553 1.139374 0.802747 0.000000 0.802747 1.139374 0.810553 0.000000 0.826551 1.184910 0.851559 0.000000 0.886935 1.285702 0.934771 0.000000 0.998223 1.466847 1.082096 0.000000 1.193909 1.787358 1.345947 0.000000 1.559571 2.405380 1.875267 0.000000 2.379947 3.906125 3.299775 0.000000 5.464303 11.568264 16.340290 
12.515313 11.272267 7.980308 3.769523 0.000000 2.276333 2.694620 1.641795 0.000000 1.293643 1.659338 1.075862 0.000000 0.928495 1.233000 0.823612 0.000000 0.746478 1.011898 0.688619 0.000000 0.644847 0.886935 0.611848 0.000000 0.587443 0.817404 0.570192 0.000000 0.559156 0.785992 0.553771 0.000000 0.553771 0.785992 0.559156 0.000000 0.570192 0.817404 0.587443 0.000000 0.611848 0.886935 0.644847 0.000000 0.688619 1.011897 0.746478 0.000000 0.823612 1.232999 0.928495 0.000000 1.075863 1.659339 1.293643 0.000000 1.641794 2.694619 2.276333 0.000000 3.769523 7.980307 11.272264 
0.000000 0.000000 0.000000 0.000000 0.000000 0.000000 0.000000 0.000000 0.000000 0.000000 0.000000 0.000000 0.000000 0.000000 0.000000 0.000000 0.000000 0.000000 0.000000 0.000000 0.000000 0.000000 0.000000 0.000000 0.000000 0.000000 0.000000 0.000000 0.000000 0.000000 0.000000 0.000000 0.000000 0.000000 0.000000 0.000000 0.000000 0.000000 0.000000 0.000000 0.000000 0.000000 0.000000 0.000000 0.000000 0.000000 0.000000 0.000000 0.000000 0.000000 0.000000 0.000000 0.000000 0.000000 0.000000 0.000000 0.000000 0.000000 0.000000 0.000000 0.000000 0.000000 0.000000 0.000000 
12.016122 10.822659 7.662002 3.619171 0.000000 2.185539 2.587143 1.576309 0.000000 1.242045 1.593154 1.032950 0.000000 0.891461 1.183821 0.790761 0.000000 0.716704 0.971537 0.661152 0.000000 0.619127 0.851559 0.587444 0.000000 0.564012 0.784801 0.547449 0.000000 0.536853 0.754641 0.531683 0.000000 0.531683 0.754642 0.536853 0.000000 0.547449 0.784801 0.564013 0.000000 0.587443 0.851558 0.619127 0.000000 0.661152 0.971536 0.716704 0.000000 0.790761 1.183820 0.891461 0.000000 1.032950 1.593154 1.242045 0.000000 1.576309 2.587142 2.185540 0.000000 3.619170 7.662002 10.822657 
16.719955 15.059298 10.661372 5.035932 0.000000 3.041090 3.599904 2.193372 0.000000 1.728256 2.216810 1.437309 0.000000 1.240433 1.647238 1.100313 0.000000 0.997265 1.351854 0.919967 0.000000 0.861490 1.184910 0.817404 0.000000 0.784801 1.092019 0.761753 0.000000 0.747010 1.050053 0.739816 0.000000 0.739815 1.050053 0.747010 0.000000 0.761753 1.092019 0.784801 0.000000 0.817404 1.184910 0.861490 0.000000 0.919967 1.351854 0.997265 0.000000 1.100312 1.647239 1.240432 0.000000 1.437309 2.216811 1.728256 0.000000 2.193372 3.599906 3.041090 0.000000 5.035931 10.661372 15.059293 
11.663241 10.504827 7.436991 3.512885 0.000000 2.121356 2.511165 1.530017 0.000000 1.205570 1.546367 1.002615 0.000000 0.865281 1.149055 0.767539 0.000000 0.695656 0.943005 0.641736 0.000000 0.600945 0.826551 0.570192 0.000000 0.547449 0.761754 0.531372 0.000000 0.521087 0.732480 0.516069 0.000000 0.516069 0.732480 0.521087 0.000000 0.531372 0.761753 0.547449 0.000000 0.570192 0.826551 0.600944 0.000000 0.641736 0.943005 0.695656 0.000000 0.767539 1.149055 0.865281 0.000000 1.002615 1.546368 1.205570 0.000000 1.530017 2.511165 2.121356 0.000000 3.512885 7.436991 10.504825 
0.000000 0.000000 0.000000 0.000000 0.000000 0.000000 0.000000 0.000000 0.000000 0.000000 0.000000 0.000000 0.000000 0.000000 0.000000 0.000000 0.000000 0.000000 0.000000 0.000000 0.000000 0.000000 0.000000 0.000000 0.000000 0.000000 0.000000 0.000000 0.000000 0.000000 0.000000 0.000000 0.000000 0.000000 0.000000 0.000000 0.000000 0.000000 0.000000 0.000000 0.000000 0.000000 0.000000 0.000000 0.000000 0.000000 0.000000 0.000000 0.000000 0.000000 0.000000 0.000000 0.000000 0.000000 0.000000 0.000000 0.000000 0.000000 0.000000 0.000000 0.000000 0.000000 0.000000 0.000000 
11.437501 10.301508 7.293049 3.444894 0.000000 2.080297 2.462561 1.500404 0.000000 1.182236 1.516438 0.983210 0.000000 0.848534 1.126815 0.752683 0.000000 0.682192 0.924753 0.629315 0.000000 0.589313 0.810553 0.559156 0.000000 0.536853 0.747010 0.521087 0.000000 0.511002 0.718303 0.506081 0.000000 0.506080 0.718303 0.511002 0.000000 0.521087 0.747010 0.536853 0.000000 0.559156 0.810553 0.589313 0.000000 0.629316 0.924753 0.682192 0.000000 0.752683 1.126815 0.848534 0.000000 0.983210 1.516438 1.182236 0.000000 1.500404 2.462562 2.080297 0.000000 3.444894 7.293049 10.301505 
16.077417 14.480577 10.251661 4.842404 0.000000 2.924223 3.461563 2.109082 0.000000 1.661840 2.131619 1.382074 0.000000 1.192763 1.583937 1.058028 0.000000 0.958940 1.299903 0.884613 0.000000 0.828383 1.139375 0.785992 0.000000 0.754641 1.050054 0.732480 0.000000 0.718303 1.009701 0.711385 0.000000 0.711385 1.009701 0.718303 0.000000 0.732479 1.050053 0.754641 0.000000 0.785992 1.139374 0.828383 0.000000 0.884613 1.299903 0.958941 0.000000 1.058028 1.583936 1.192763 0.000000 1.382074 2.131620 1.661840 0.000000 2.109082 3.461562 2.924223 0.000000 4.842403 10.251659 14.480574 
11.327352 10.202295 7.222813 3.411718 0.000000 2.060263 2.438845 1.485954 0.000000 1.170850 1.501834 0.973741 0.000000 0.840362 1.115963 0.745435 0.000000 0.675622 0.915847 0.623255 0.000000 0.583638 0.802747 0.553771 0.000000 0.531683 0.739816 0.516069 0.000000 0.506081 0.711385 0.501207 0.000000 0.501207 0.711385 0.506081 0.000000 0.516069 0.739816 0.531683 0.000000 0.553771 0.802747 0.583638 0.000000 0.623255 0.915847 0.675622 0.000000 0.745434 1.115963 0.840362 0.000000 0.973741 1.501833 1.170850 0.000000 1.485955 2.438846 2.060263 0.000000 3.411717 7.222815 10.202295 
0.000000 0.000000 0.000000 0.000000 0.000000 0.000000 0.000000 0.000000 0.000000 0.000000 0.000000 0.000000 0.000000 0.000000 0.000000 0.000000 0.000000 0.000000 0.000000 0.000000 0.000000 0.000000 0.000000 0.000000 0.000000 0.000000 0.000000 0.000000 0.000000 0.000000 0.000000 0.000000 0.000000 0.000000 0.000000 0.000000 0.000000 0.000000 0.000000 0.000000 0.000000 0.000000 0.000000 0.000000 0.000000 0.000000 0.000000 0.000000 0.000000 0.000000 0.000000 0.000000 0.000000 0.000000 0.000000 0.000000 0.000000 0.000000 0.000000 0.000000 0.000000 0.000000 0.000000 0.000000 
11.327351 10.202297 7.222812 3.411718 0.000000 2.060263 2.438845 1.485955 0.000000 1.170850 1.501833 0.973741 0.000000 0.840362 1.115963 0.745434 0.000000 0.675622 0.915847 0.623255 0.000000 0.583638 0.802747 0.553771 0.000000 0.531683 0.739816 0.516069 0.000000 0.506080 0.711385 0.501207 0.000000 0.501207 0.711385 0.506081 0.000000 0.516069 0.739816 0.531683 0.000000 0.553771 0.802747 0.583638 0.000000 0.623255 0.915848 0.675621 0.000000 0.745434 1.115963 0.840362 0.000000 0.973740 1.501833 1.170851 0.000000 1.485955 2.438846 2.060263 0.000000 3.411718 7.222812 10.202296 
16.077417 14.480577 10.251662 4.842403 0.000000 2.924222 3.461563 2.109082 0.000000 1.661840 2.131619 1.382074 0.000000 1.192763 1.583936 1.058029 0.000000 0.958941 1.299904 0.884614 0.000000 0.828383 1.139374 0.785992 0.000000 0.754642 1.050054 0.732480 0.000000 0.718303 1.009701 0.711385 0.000000 0.711385 1.009701 0.718303 0.000000 0.732480 1.050053 0.754642 0.000000 0.785992 1.139374 0.828383 0.000000 0.884613 1.299903 0.958941 0.000000 1.058028 1.583936 1.192763 0.000000 1.382074 2.131620 1.661840 0.000000 2.109082 3.461562 2.924223 0.000000 4.842403 10.251661 14.480576 
11.437502 10.301506 7.293049 3.444894 0.000000 2.080297 2.462562 1.500404 0.000000 1.182236 1.516438 0.983210 0.000000 0.848534 1.126815 0.752683 0.000000 0.682192 0.924753 0.629316 0.000000 0.589313 0.810553 0.559156 0.000000 0.536853 0.747010 0.521087 0.000000 0.511002 0.718303 0.506081 0.000000 0.506080 0.718303 0.511002 0.000000 0.521087 0.747010 0.536853 0.000000 0.559156 0.810553 0.589313 0.000000 0.629316 0.924753 0.682192 0.000000 0.752683 1.126815 0.848534 0.000000 0.983210 1.516438 1.182236 0.000000 1.500404 2.462561 2.080297 0.000000 3.444894 7.293049 10.301506 
0.000000 0.000000 0.000000 0.000000 0.000000 0.000000 0.000000 0.000000 0.000000 0.000000 0.000000 0.000000 0.000000 0.000000 0.000000 0.000000 0.000000 0.000000 0.000000 0.000000 0.000000 0.000000 0.000000 0.000000 0.000000 0.000000 0.000000 0.000000 0.000000 0.000000 0.000000 0.000000 0.000000 0.000000 0.000000 0.000000 0.000000 0.000000 0.000000 0.000000 0.000000 0.000000 0.000000 0.000000 0.000000 0.000000 0.000000 0.000000 0.000000 0.000000 0.000000 0.000000 0.000000 0.000000 0.000000 0.000000 0.000000 0.000000 0.000000 0.000000 0.000000 0.000000 0.000000 0.000000 
11.663241 10.504824 7.436991 3.512885 0.000000 2.121355 2.511164 1.530017 0.000000 1.205569 1.546367 1.002615 0.000000 0.865281 1.149055 0.767539 0.000000 0.695656 0.943005 0.641736 0.000000 0.600945 0.826551 0.570192 0.000000 0.547449 0.761753 0.531372 0.000000 0.521087 0.732480 0.516069 0.000000 0.516069 0.732480 0.521087 0.000000 0.531372 0.761753 0.547449 0.000000 0.570192 0.826551 0.600944 0.000000 0.641736 0.943005 0.695656 0.000000 0.767539 1.149055 0.865281 0.000000 1.002615 1.546367 1.205570 0.000000 1.530017 2.511164 2.121355 0.000000 3.512885 7.436990 10.504825 
16.719955 15.059299 10.661372 5.035933 0.000000 3.041090 3.599905 2.193372 0.000000 1.728256 2.216810 1.437309 0.000000 1.240432 1.647239 1.100313 0.000000 0.997265 1.351854 0.919967 0.000000 0.861490 1.184910 0.817404 0.000000 0.784801 1.092019 0.761753 0.000000 0.747010 1.050053 0.739816 0.000000 0.739816 1.050054 0.747010 0.000000 0.761753 1.092019 0.784801 0.000000 0.817404 1.184910 0.861490 0.000000 0.919967 1.351854 0.997265 0.000000 1.100312 1.647239 1.240432 0.000000 1.437309 2.216811 1.728256 0.000000 2.193372 3.599905 3.041090 0.000000 5.035932 10.661372 15.059296 
12.016124 10.822659 7.661999 3.619170 0.000000 2.185539 2.587142 1.576309 0.000000 1.242045 1.593154 1.032951 0.000000 0.891461 1.183820 0.790761 0.000000 0.716704 0.971536 0.661152 0.000000 0.619127 0.851559 0.587443 0.000000 0.564013 0.784801 0.547449 0.000000 0.536853 0.754641 0.531683 0.000000 0.531683 0.754642 0.536853 0.000000 0.547449 0.784801 0.564013 0.000000 0.587443 0.851559 0.619126 0.000000 0.661152 0.971537 0.716704 0.000000 0.790761 1.183821 0.891461 0.000000 1.032950 1.593154 1.242045 0.000000 1.576309 2.587143 2.185539 0.000000 3.619169 7.662002 10.822658 
0.000000 0.000000 0.000000 0.000000 0.000000 0.000000 0.000000 0.000000 0.000000 0.000000 0.000000 0.000000 0.000000 0.000000 0.000000 0.000000 0.000000 0.000000 0.000000 0.000000 0.000000 0.000000 0.000000 0.000000 0.000000 0.000000 0.000000 0.000000 0.000000 0.000000 0.000000 0.000000 0.000000 0.000000 0.000000 0.000000 0.000000 0.000000 0.000000 0.000000 0.000000 0.000000 0.000000 0.000000 0.000000 0.000000 0.000000 0.000000 0.000000 0.000000 0.000000 0.000000 0.000000 0.000000 0.000000 0.000000 0.000000 0.000000 0.000000 0.000000 0.000000 0.000000 0.000000 0.000000 
12.515311 11.272267 7.980309 3.769523 0.000000 2.276334 2.694619 1.641794 0.000000 1.293644 1.659338 1.075863 0.000000 0.928495 1.233000 0.823612 0.000000 0.746478 1.011897 0.688619 0.000000 0.644847 0.886935 0.611848 0.000000 0.587444 0.817404 0.570192 0.000000 0.559156 0.785992 0.553771 0.000000 0.553771 0.785992 0.559156 0.000000 0.570192 0.817404 0.587444 0.000000 0.611848 0.886935 0.644847 0.000000 0.688619 1.011897 0.746478 0.000000 0.823612 1.233000 0.928495 0.000000 1.075863 1.659339 1.293643 0.000000 1.641795 2.694620 2.276332 0.000000 3.769523 7.980310 11.272265 
18.142206 16.340288 11.568262 5.464304 0.000000 3.299775 3.906125 2.379947 0.000000 1.875267 2.405379 1.559571 0.000000 1.345947 1.787358 1.193909 0.000000 1.082095 1.466847 0.998223 0.000000 0.934771 1.285702 0.886935 0.000000 0.851559 1.184910 0.826551 0.000000 0.810553 1.139374 0.802747 0.000000 0.802747 1.139375 0.810553 0.000000 0.826551 1.184910 0.851559 0.000000 0.886935 1.285702 0.934771 0.000000 0.998223 1.466847 1.082096 0.000000 1.193909 1.787358 1.345947 0.000000 1.559571 2.405380 1.875267 0.000000 2.379947 3.906124 3.299775 0.000000 5.464303 11.568263 16.340286 
13.190310 11.880223 8.410719 3.972828 0.000000 2.399105 2.839952 1.730343 0.000000 1.363414 1.748833 1.133888 0.000000 0.978573 1.299500 0.868033 0.000000 0.786739 1.066473 0.725759 0.000000 0.679626 0.934771 0.644847 0.000000 0.619127 0.861490 0.600945 0.000000 0.589313 0.828383 0.583638 0.000000 0.583638 0.828383 0.589313 0.000000 0.600945 0.861490 0.619127 0.000000 0.644847 0.934771 0.679626 0.000000 0.725759 1.066473 0.786739 0.000000 0.868033 1.299501 0.978572 0.000000 1.133888 1.748834 1.363415 0.000000 1.730343 2.839952 2.399105 0.000000 3.972827 8.410718 11.880223 
0.000000 0.000000 0.000000 0.000000 0.000000 0.000000 0.000000 0.000000 0.000000 0.000000 0.000000 0.000000 0.000000 0.000000 0.000000 0.000000 0.000000 0.000000 0.000000 0.000000 0.000000 0.000000 0.000000 0.000000 0.000000 0.000000 0.000000 0.000000 0.000000 0.000000 0.000000 0.000000 0.000000 0.000000 0.000000 0.000000 0.000000 0.000000 0.000000 0.000000 0.000000 0.000000 0.000000 0.000000 0.000000 0.000000 0.000000 0.000000 0.000000 0.000000 0.000000 0.000000 0.000000 0.000000 0.000000 0.000000 0.000000 0.000000 0.000000 0.000000 0.000000 0.000000 0.000000 0.000000 
14.085660 12.686644 8.981629 4.242501 0.000000 2.561954 3.032726 1.847797 0.000000 1.455962 1.867543 1.210855 0.000000 1.044997 1.387710 0.926954 0.000000 0.840142 1.138864 0.775023 0.000000 0.725759 0.998223 0.688619 0.000000 0.661152 0.919967 0.641736 0.000000 0.629315 0.884613 0.623255 0.000000 0.623255 0.884613 0.629316 0.000000 0.641736 0.919967 0.661152 0.000000 0.688619 0.998222 0.725759 0.000000 0.775023 1.138864 0.840142 0.000000 0.926954 1.387710 1.044997 0.000000 1.210855 1.867543 1.455963 0.000000 1.847797 3.032726 2.561954 0.000000 4.242500 8.981631 12.686645 
20.698301 18.642504 13.198136 6.234179 0.000000 3.764686 4.456466 2.715261 0.000000 2.139477 2.744278 1.779302 0.000000 1.535581 2.039183 1.362121 0.000000 1.234554 1.673514 1.138864 0.000000 1.066473 1.466847 1.011897 0.000000 0.971536 1.351854 0.943005 0.000000 0.924753 1.299903 0.915847 0.000000 0.915847 1.299903 0.924753 0.000000 0.943005 1.351854 0.971536 0.000000 1.011897 1.466847 1.066473 0.000000 1.138864 1.673514 1.234554 0.000000 1.362121 2.039182 1.535580 0.000000 1.779302 2.744278 2.139477 0.000000 2.715262 4.456465 3.764687 0.000000 6.234179 13.198136 18.642502 
15.269171 13.752607 9.736286 4.598967 0.000000 2.777215 3.287542 2.003053 0.000000 1.578295 2.024458 1.312594 0.000000 1.132800 1.504308 1.004839 0.000000 0.910733 1.234555 0.840142 0.000000 0.786739 1.082096 0.746478 0.000000 0.716704 0.997265 0.695656 0.000000 0.682192 0.958941 0.675622 0.000000 0.675622 0.958941 0.682192 0.000000 0.695657 0.997265 0.716704 0.000000 0.746478 1.082095 0.786739 0.000000 0.840142 1.234554 0.910732 0.000000 1.004839 1.504308 1.132800 0.000000 1.312594 2.024459 1.578296 0.000000 2.003053 3.287543 2.777216 0.000000 4.598965 9.736286 13.752610 
0.000000 0.000000 0.000000 0.000000 0.000000 0.000000 0.000000 0.000000 0.000000 0.000000 0.000000 0.000000 0.000000 0.000000 0.000000 0.000000 0.000000 0.000000 0.000000 0.000000 0.000000 0.000000 0.000000 0.000000 0.000000 0.000000 0.000000 0.000000 0.000000 0.000000 0.000000 0.000000 0.000000 0.000000 0.000000 0.000000 0.000000 0.000000 0.000000 0.000000 0.000000 0.000000 0.000000 0.000000 0.000000 0.000000 0.000000 0.000000 0.000000 0.000000 0.000000 0.000000 0.000000 0.000000 0.000000 0.000000 0.000000 0.000000 0.000000 0.000000 0.000000 0.000000 0.000000 0.000000 
16.846935 15.173665 10.742338 5.074176 0.000000 3.064185 3.627244 2.210029 0.000000 1.741381 2.233645 1.448225 0.000000 1.249853 1.659749 1.108669 0.000000 1.004838 1.362121 0.926954 0.000000 0.868032 1.193908 0.823612 0.000000 0.790761 1.100313 0.767539 0.000000 0.752683 1.058028 0.745434 0.000000 0.745434 1.058028 0.752683 0.000000 0.767538 1.100312 0.790761 0.000000 0.823612 1.193909 0.868032 0.000000 0.926954 1.362120 1.004839 0.000000 1.108669 1.659749 1.249852 0.000000 1.448225 2.233645 1.741381 0.000000 2.210029 3.627244 3.064184 0.000000 5.074177 10.742339 15.173662 
25.220945 22.715956 16.081974 7.596371 0.000000 4.587284 5.430219 3.308556 0.000000 2.606960 3.343912 2.168086 0.000000 1.871110 2.484751 1.659749 0.000000 1.504308 2.039183 1.387710 0.000000 1.299500 1.787358 1.233000 0.000000 1.183820 1.647239 1.149054 0.000000 1.126815 1.583936 1.115963 0.000000 1.115963 1.583936 1.126815 0.000000 1.149055 1.647239 1.183820 0.000000 1.233000 1.787358 1.299501 0.000000 1.387710 2.039183 1.504308 0.000000 1.659749 2.484751 1.871110 0.000000 2.168085 3.343913 2.606960 0.000000 3.308556 5.430218 4.587284 0.000000 7.596370 16.081972 22.715952 
18.992313 17.105963 12.110327 5.720350 0.000000 3.454395 4.089157 2.491466 0.000000 1.963138 2.518090 1.632649 0.000000 1.409016 1.871110 1.249853 0.000000 1.132800 1.535581 1.044997 0.000000 0.978573 1.345947 0.928495 0.000000 0.891461 1.240432 0.865281 0.000000 0.848534 1.192763 0.840362 0.000000 0.840362 1.192763 0.848534 0.000000 0.865281 1.240432 0.891461 0.000000 0.928495 1.345947 0.978572 0.000000 1.044997 1.535581 1.132800 0.000000 1.249853 1.871110 1.409016 0.000000 1.632649 2.518091 1.963138 0.000000 2.491466 4.089158 3.454396 0.000000 5.720350 12.110327 17.105959 
0.000000 0.000000 0.000000 0.000000 0.000000 0.000000 0.000000 0.000000 0.000000 0.000000 0.000000 0.000000 0.000000 0.000000 0.000000 0.000000 0.000000 0.000000 0.000000 0.000000 0.000000 0.000000 0.000000 0.000000 0.000000 0.000000 0.000000 0.000000 0.000000 0.000000 0.000000 0.000000 0.000000 0.000000 0.000000 0.000000 0.000000 0.000000 0.000000 0.000000 0.000000 0.000000 0.000000 0.000000 0.000000 0.000000 0.000000 0.000000 0.000000 0.000000 0.000000 0.000000 0.000000 0.000000 0.000000 0.000000 0.000000 0.000000 0.000000 0.000000 0.000000 0.000000 0.000000 0.000000 
22.006706 19.820959 14.032434 6.628263 0.000000 4.002665 4.738174 2.886903 0.000000 2.274720 2.917752 1.891778 0.000000 1.632650 2.168086 1.448225 0.000000 1.312594 1.779302 1.210856 0.000000 1.133888 1.559572 1.075863 0.000000 1.032950 1.437309 1.002615 0.000000 0.983210 1.382074 0.973741 0.000000 0.973741 1.382074 0.983210 0.000000 1.002615 1.437309 1.032951 0.000000 1.075862 1.559571 1.133888 0.000000 1.210855 1.779302 1.312594 0.000000 1.448225 2.168086 1.632650 0.000000 1.891778 2.917753 2.274721 0.000000 2.886903 4.738173 4.002665 0.000000 6.628263 14.032436 19.820955 
33.941689 30.570532 21.642696 10.222996 0.000000 6.173444 7.307845 4.452568 0.000000 3.508378 4.500147 2.917753 0.000000 2.518091 3.343912 2.233647 0.000000 2.024458 2.744278 1.867544 0.000000 1.748834 2.405380 1.659339 0.000000 1.593154 2.216810 1.546368 0.000000 1.516438 2.131619 1.501834 0.000000 1.501833 2.131619 1.516438 0.000000 1.546367 2.216810 1.593154 0.000000 1.659339 2.405379 1.748834 0.000000 1.867543 2.744278 2.024458 0.000000 2.233646 3.343912 2.518091 0.000000 2.917753 4.500149 3.508378 0.000000 4.452568 7.307845 6.173444 0.000000 10.222994 21.642696 30.570532 
26.461409 23.833208 16.872944 7.969988 0.000000 4.812903 5.697296 3.471283 0.000000 2.735179 3.508377 2.274720 0.000000 1.963138 2.606960 1.741382 0.000000 1.578295 2.139477 1.455963 0.000000 1.363414 1.875267 1.293644 0.000000 1.242045 1.728256 1.205569 0.000000 1.182236 1.661840 1.170850 0.000000 1.170850 1.661840 1.182236 0.000000 1.205569 1.728256 1.242045 0.000000 1.293643 1.875267 1.363415 0.000000 1.455962 2.139477 1.578296 0.000000 1.741381 2.606960 1.963138 0.000000 2.274720 3.508378 2.735180 0.000000 3.471283 5.697295 4.812902 0.000000 7.969985 16.872942 23.833200 
0.000000 0.000000 0.000000 0.000000 0.000000 0.000000 0.000000 0.000000 0.000000 0.000000 0.000000 0.000000 0.000000 0.000000 0.000000 0.000000 0.000000 0.000000 0.000000 0.000000 0.000000 0.000000 0.000000 0.000000 0.000000 0.000000 0.000000 0.000000 0.000000 0.000000 0.000000 0.000000 0.000000 0.000000 0.000000 0.000000 0.000000 0.000000 0.000000 0.000000 0.000000 0.000000 0.000000 0.000000 0.000000 0.000000 0.000000 0.000000 0.000000 0.000000 0.000000 0.000000 0.000000 0.000000 0.000000 0.000000 0.000000 0.000000 0.000000 0.000000 0.000000 0.000000 0.000000 0.000000 
33.582813 30.247301 21.413862 10.114904 0.000000 6.108171 7.230577 4.405489 0.000000 3.471282 4.452567 2.886902 0.000000 2.491467 3.308557 2.210029 0.000000 2.003053 2.715262 1.847797 0.000000 1.730343 2.379947 1.641794 0.000000 1.576309 2.193372 1.530017 0.000000 1.500404 2.109081 1.485954 0.000000 1.485954 2.109082 1.500404 0.000000 1.530017 2.193372 1.576310 0.000000 1.641794 2.379947 1.730343 0.000000 1.847797 2.715262 2.003053 0.000000 2.210029 3.308556 2.491466 0.000000 2.886903 4.452568 3.471283 0.000000 4.405489 7.230577 6.108171 0.000000 10.114904 21.413862 30.247301 
55.118305 49.643848 35.145828 16.601242 0.000000 10.025129 11.867296 7.230577 0.000000 5.697296 7.307843 4.738173 0.000000 4.089157 5.430218 3.627245 0.000000 3.287541 4.456466 3.032726 0.000000 2.839952 3.906124 2.694620 0.000000 2.587142 3.599905 2.511164 0.000000 2.462561 3.461562 2.438845 0.000000 2.438845 3.461562 2.462561 0.000000 2.511164 3.599905 2.587142 0.000000 2.694620 3.906124 2.839951 0.000000 3.032725 4.456466 3.287542 0.000000 3.627244 5.430218 4.089157 0.000000 4.738173 7.307846 5.697297 0.000000 7.230577 11.867295 10.025130 0.000000 16.601238 35.145828 49.643841 
46.562271 41.937614 29.690132 14.024223 0.000000 8.468925 10.025130 6.108171 0.000000 4.812902 6.173443 4.002664 0.000000 3.454396 4.587283 3.064186 0.000000 2.777215 3.764687 2.561954 0.000000 2.399105 3.299775 2.276334 0.000000 2.185539 3.041090 2.121355 0.000000 2.080297 2.924223 2.060262 0.000000 2.060262 2.924222 2.080297 0.000000 2.121355 3.041090 2.185539 0.000000 2.276333 3.299774 2.399104 0.000000 2.561954 3.764687 2.777216 0.000000 3.064186 4.587283 3.454395 0.000000 4.002665 6.173445 4.812902 0.000000 6.108171 10.025131 8.468925 0.000000 14.024223 29.690130 41.937611 
0.000000 0.000000 0.000000 0.000000 0.000000 0.000000 0.000000 0.000000 0.000000 0.000000 0.000000 0.000000 0.000000 0.000000 0.000000 0.000000 0.000000 0.000000 0.000000 0.000000 0.000000 0.000000 0.000000 0.000000 0.000000 0.000000 0.000000 0.000000 0.000000 0.000000 0.000000 0.000000 0.000000 0.000000 0.000000 0.000000 0.000000 0.000000 0.000000 0.000000 0.000000 0.000000 0.000000 0.000000 0.000000 0.000000 0.000000 0.000000 0.000000 0.000000 0.000000 0.000000 0.000000 0.000000 0.000000 0.000000 0.000000 0.000000 0.000000 0.000000 0.000000 0.000000 0.000000 0.000000 
77.105370 69.447121 49.165741 23.223591 0.000000 14.024223 16.601242 10.114902 0.000000 7.969986 10.222992 6.628263 0.000000 5.720349 7.596370 5.074178 0.000000 4.598964 6.234180 4.242501 0.000000 3.972828 5.464304 3.769523 0.000000 3.619170 5.035931 3.512885 0.000000 3.444894 4.842403 3.411717 0.000000 3.411717 4.842404 3.444894 0.000000 3.512885 5.035931 3.619171 0.000000 3.769523 5.464303 3.972827 0.000000 4.242501 6.234180 4.598965 0.000000 5.074177 7.596369 5.720350 0.000000 6.628262 10.222995 7.969988 0.000000 10.114903 16.601242 14.024222 0.000000 23.223587 49.165741 69.447113 
163.236740 147.023743 104.086861 49.165741 0.000000 29.690130 35.145832 21.413864 0.000000 16.872944 21.642694 14.032434 0.000000 12.110327 16.081974 10.742342 0.000000 9.736286 13.198138 8.981631 0.000000 8.410717 11.568263 7.980309 0.000000 7.662003 10.661371 7.436990 0.000000 7.293049 10.251661 7.222813 0.000000 7.222812 10.251661 7.293049 0.000000 7.436991 10.661371 7.662004 0.000000 7.980308 11.568261 8.410717 0.000000 8.981631 13.198138 9.736288 0.000000 10.742340 16.081976 12.110327 0.000000 14.032434 21.642700 16.872946 0.000000 21.413864 35.145836 29.690132 0.000000 49.165741 104.086861 147.023743 
230.573547 207.672546 147.023743 69.447113 0.000000 41.937611 49.643841 30.247297 0.000000 23.833202 30.570524 19.820953 0.000000 17.105959 22.715952 15.173665 0.000000 13.752602 18.642502 12.686646 0.000000 11.880224 16.340288 11.272267 0.000000 10.822657 15.059297 10.504824 0.000000 10.301504 14.480577 10.202295 0.000000 10.202295 14.480576 10.301505 0.000000 10.504825 15.059297 10.822657 0.000000 11.272265 16.340284 11.880221 0.000000 12.686643 18.642504 13.752604 0.000000 15.173664 22.715950 17.105959 0.000000 19.820953 30.570530 23.833206 0.000000 30.247299 49.643845 41.937611 0.000000 69.447105 147.023743 207.672516 